name: env
channels:
  - conda-forge
  - defaults
dependencies:
  - aiohttp=3.8.5=py39h2bbff1b_0
  - aiosignal=1.2.0=pyhd3eb1b0_0
  - anyio=3.7.1=pyhd8ed1ab_0
  - async-timeout=4.0.2=py39haa95532_0
  - attrs=23.1.0=py39haa95532_0
  - ca-certificates=2023.7.22=h56e8100_0
  - cffi=1.16.0=py39ha55989b_0
  - charset-normalizer=2.0.4=pyhd3eb1b0_0
  - click=8.1.7=win_pyh7428d3b_0
  - colorama=0.4.6=pyhd8ed1ab_0
  - cryptography=41.0.4=py39hb6bd5e6_0
  - dnspython=2.4.2=pyhd8ed1ab_0
  - exceptiongroup=1.1.3=pyhd8ed1ab_0
  - fastapi=0.103.2=pyhd8ed1ab_0
  - frozenlist=1.3.3=py39h2bbff1b_0
  - h11=0.14.0=pyhd8ed1ab_0
  - h2=4.1.0=py39hcbf5309_0
  - hpack=4.0.0=pyh9f0ad1d_0
  - httpcore=1.0.0=pyhd8ed1ab_0
  - httptools=0.6.0=py39ha55989b_1
  - hyperframe=6.0.1=pyhd8ed1ab_0
  - idna=3.4=pyhd8ed1ab_0
  - libprotobuf=3.20.3=h12be248_0
  - libzlib=1.2.13=hcfcfb64_5
  - multidict=6.0.2=py39h2bbff1b_0
  - mysql-common=8.0.33=hde014ed_5
  - mysql-connector-python=8.0.32=py39h725d275_0
  - mysql-libs=8.0.33=h8b0d2c3_5
  - openssl=3.1.3=hcfcfb64_0
  - pip=23.2.1=py39haa95532_0
  - pycparser=2.21=pyhd8ed1ab_0
  - pydantic=1.10.12=py39h2bbff1b_1
  - python=3.9.18=h1aa4202_0
  - python-dotenv=1.0.0=pyhd8ed1ab_1
  - python_abi=3.9=2_cp39
  - pyyaml=6.0.1=py39ha55989b_1
  - setuptools=68.0.0=py39haa95532_0
  - simplejson=3.19.2=py39ha55989b_0
  - six=1.16.0=pyh6c4a22f_0
  - sniffio=1.3.0=pyhd8ed1ab_0
  - sqlite=3.41.2=h2bbff1b_0
  - starlette=0.27.0=pyhd8ed1ab_0
  - typing-extensions=4.8.0=hd8ed1ab_0
  - typing_extensions=4.8.0=pyha770c72_0
  - tzdata=2023c=h04d1e81_0
  - ucrt=10.0.22621.0=h57928b3_0
  - uvicorn=0.23.2=py39hcbf5309_1
  - uvicorn-standard=0.23.2=hcbf5309_1
  - vc=14.2=h21ff451_1
  - vc14_runtime=14.36.32532=hdcecf7f_17
  - vs2015_runtime=14.36.32532=h05e6639_17
  - watchfiles=0.20.0=py39hf21820d_2
  - websockets=11.0.3=py39ha55989b_1
  - wheel=0.41.2=py39haa95532_0
  - yaml=0.2.5=h8ffe710_2
  - yarl=1.8.1=py39h2bbff1b_0
  - zstd=1.5.5=h12be248_0
  - pip:
      - bitarray==2.8.2
      - certifi==2023.7.22
      - cytoolz==0.12.2
      - eth-abi==4.2.1
      - eth-account==0.9.0
      - eth-hash==0.5.2
      - eth-keyfile==0.6.1
      - eth-keys==0.4.0
      - eth-rlp==0.3.0
      - eth-typing==3.5.0
      - eth-utils==2.2.1
      - hexbytes==0.3.1
      - jsonschema==4.19.1
      - jsonschema-specifications==2023.7.1
      - lru-dict==1.2.0
      - parsimonious==0.9.0
      - protobuf==4.24.3
      - py-solc-x==1.1.1
      - pycryptodome==3.19.0
      - pyunormalize==15.0.0
      - pywin32==306
      - referencing==0.30.2
      - regex==2023.10.3
      - requests==2.31.0
      - rlp==3.0.0
      - rpds-py==0.10.3
      - semantic-version==2.10.0
      - toolz==0.12.0
      - urllib3==2.0.6
      - web3==6.10.0
